39.7392 -104.9903
37.7749 -122.4194
15
40.3432 -105.6881 1
RockyMountainNP 40.3432 -105.6881 4.7
39.4822 -106.0462 1
Breckenridge,CO 39.4822 -106.0462 3.8
38.8339 -104.8214 1
ColoradoSprings,CO 38.8339 -104.8214 3.0
39.6403 -106.3742 1
Vail,CO 39.6403 -106.3742 3.8
37.7916 -105.5943 1
GreatSandDunesNP 37.7916 -105.5943 4.4
37.2309 -108.4618 1
MesaVerdeNP 37.2309 -108.4618 4.5
38.7331 -109.5925 1
ArchesNP 38.7331 -109.5925 4.7
38.3269 -109.8783 1
CanyonlandsNP 38.3269 -109.8783 4.6
36.9914 -110.1848 1
MonumentValley 36.9914 -110.1848 4.6
36.8795 -111.5105 1
HorseshoeBend 36.8795 -111.5105 4.4
37.5930 -112.1871 1
BryceCanyonNP 37.5930 -112.1871 4.8
36.2679 -112.3556 1
GrandCanyonNP 36.2679 -112.3556 4.9
37.2982 -113.0263 1
ZionNP 37.2982 -113.0263 4.9
33.8734 -115.9010 1
JoshuaTreeNP 33.8734 -115.9010 4.5
37.8651 -119.5383 1
YosemiteNP 37.8651 -119.5383 4.9
