14
0.0 0 0
5.0 0 2
38.6109 -109.5581 1.0 0.5
38.5684 -109.5470 1.4 1.5
6.0 0 1
38.5729 -110.7139 0.8 0.2
7.5 0 2
38.2983 -111.4023 0.6 1.6
38.2994 -111.4333 1.0 1.4
10.5 0 2
37.6365 -112.1669 1.0 0.4
37.6220 -112.1750 1.0 0.5
12.0 0 2
37.0243 -112.4775 0.2 1.3
37.0396 -112.5255 0.8 1.7
12.5 0 2
36.9012 -111.4534 1.8 1.4
36.9384 -111.4964 0.8 0.6
13.0 0 2
37.1935 -112.9928 1.4 1.6
37.2031 -112.9845 0.8 0.9
15.0 0 2
35.9345 -112.1261 0.2 0.3
35.9345 -112.1261 0.8 0.5
16.5 0 2
35.1232 -111.5988 1.0 0.6
35.2472 -111.8355 1.0 1.8
18.0 0 2
36.4185 -114.5569 0.4 0.7
36.4176 -114.5516 0.4 0.8
19.5 0 2
35.1922 -114.0660 1.0 1.9
35.0653 -113.8708 1.0 0.3
23.0 1 2
35.0214 -117.0218 0.8 0.4
34.9028 -116.8921 2.0 1.6
24.5 1 2
34.2061 -116.2445 1.2 0.8
34.1401 -116.3083 1.2 1.2
